top1_acc: 91.3305435180664
top5_acc: 99.99504852294922
