epoch: 999
top1_acc: 99.00936126708984
top5_acc: 99.99835205078125
