epoch: 999
top1_acc: 99.36394500732422
top5_acc: 99.997802734375
