top1_acc: 90.10406494140625
top5_acc: 99.98295593261719
